/*




























	0								31
	FGHIJKLMNOPQRSTUfghijklmnopqrstu //////////////////////////////////
	ABCDE			VWXYZ	   abcde
					vwxyz	   
	int t;
	std::string a = "FGHIJKLMNOPQRSTUfghijklmnopqrstu";
	for (int i = 0; i < a.size(); i++)	{
		t = (int)a[i] - 70;
		if (t > 31 && t < 48)
			t -= 16;
		std::cout << t << " " << a[i] << std::endl;
	}

	FFTF
	00000000000111000000
	0 0 0 0 0
	0 0 0 0 0
	0 1 1 1 0
	0 0 0 0 0
	0 0 0 0 0
 
	ugkgu
	1111110001101011000111111
	1 1 1 1 1 
	1 0 0 0 1 
	1 0 1 0 1 
	1 0 0 0 1 
	1 1 1 1 1

	ggtgg
	1000110001111101000110001
	1 0 0 0 1
	1 0 0 0 1
	1 1 1 1 0
	1 0 0 0 1
	1 0 0 0 1



	qkTkq
	1101110101011101010111011
	1 1 0 1 1 
	1 0 1 0 1 
	0 1 1 1 0 
	1 0 1 0 1 
	1 1 0 1 1 

	quuTJ
	1101111111111110111000100
	1 1 0 1 1
	1 1 1 1 1 
	1 1 1 1 1 
	0 1 1 1 0 
	0 0 1 0 0

	PPkPk
	0101001010101010101010101
	0 1 0 1 0
	0 1 0 1 0
	1 0 1 0 1
	0 1 0 1 0
	1 0 1 0 1

	FPFgT
	0000001010000001000101110
	0 0 0 0 0
	0 1 0 1 0
	0 0 0 0 0
	1 0 0 0 1
	0 1 1 1 0


	
	nURLTLULUlStRtRTRLtI	
	1100001111011000011001110001100111100110011111011001101111100110011110011000111001100001101111000011
	1 1 0 0 0 0 1 1 1 1
	0 1 1 0 0 0 0 1 1 0
	0 1 1 1 0 0 0 1 1 0
	0 1 1 1 1 0 0 1 1 0
	0 1 1 1 1 1 0 1 1 0
	0 1 1 0 1 1 1 1 1 0
	0 1 1 0 0 1 1 1 1 0
	0 1 1 0 0 0 1 1 1 0
	0 1 1 0 0 0 0 1 1 0
	1 1 1 1 0 0 0 0 1 1


	TTuumsiooismUtMrInGf
	0111001110111111111110111111011001111001110011001111101101110111111110001111110000011110000000110000
	0 1 1 1 0 0 1 1 1 0
	1 1 1 1 1 1 1 1 1 1
	1 0 1 1 1 1 1 1 0 1
	1 0 0 1 1 1 1 0 0 1
	1 1 0 0 1 1 0 0 1 1
	1 1 1 0 1 1 0 1 1 1
	0 1 1 1 1 1 1 1 1 0
	0 0 1 1 1 1 1 1 0 0
	0 0 0 1 1 1 1 0 0 0
	0 0 0 0 1 1 0 0 0 0


	FUIgHMIoHGHMTUtUtLRF
	0000001111000111000100010001110001111001000100000100010001110111001111111100111111110001100110000000
	0 0 0 0 0 0 1 1 1 1
	0 0 0 1 1 1 0 0 0 1
	0 0 0 1 0 0 0 1 1 1
	0 0 0 1 1 1 1 0 0 1
	0 0 0 1 0 0 0 0 0 1
	0 0 0 1 0 0 0 1 1 1
	0 1 1 1 0 0 1 1 1 1
	1 1 1 1 0 0 1 1 1 1
	1 1 1 1 0 0 0 1 1 0
	0 1 1 0 0 0 0 0 0 0



	uuufFGhFOmTskPkkPkkPkhPOfPGfqGgFgkuklFSguguqu
	111111111111111100000000000001100100000001001101110111011101101010101010101101010101010101101010101010101100100101001001100000101000001100001101100001100010000010001101011111110101101100000001101100011111110001111111101111111
	1 1 1 1 1 1 1 1 1 1 1 1 1 1 1
	1 0 0 0 0 0 0 0 0 0 0 0 0 0 1
	1 0 0 1 0 0 0 0 0 0 0 1 0 0 1
	1 0 1 1 1 0 1 1 1 0 1 1 1 0 1
	1 0 1 0 1 0 1 0 1 0 1 0 1 0 1
	1 0 1 0 1 0 1 0 1 0 1 0 1 0 1
	1 0 1 0 1 0 1 0 1 0 1 0 1 0 1
	1 0 0 1 0 0 1 0 1 0 0 1 0 0 1
	1 0 0 0 0 0 1 0 1 0 0 0 0 0 1
	1 0 0 0 0 1 1 0 1 1 0 0 0 0 1
	1 0 0 0 1 0 0 0 0 0 1 0 0 0 1
	1 0 1 0 1 1 1 1 1 1 1 0 1 0 1
	1 0 1 1 0 0 0 0 0 0 0 1 1 0 1
	1 0 0 0 1 1 1 1 1 1 1 0 0 0 1 
	1 1 1 1 1 1 1 0 1 1 1 1 1 1 1


	FGuMIGQluuslMurGunIiFLofSttsommgUmGttGrrFnNFf
	000000000111111001110001100001010111011011111111111110110110001111111111100000011111111000000111001100000001101100110000011011111011110111011100110111101111000101111101110000111110111100000111100111000000011000010000000010000
	0 0 0 0 0 0 0 0 0 1 1 1 1 1 1
	0 0 1 1 1 0 0 0 1 1 0 0 0 0 1
	0 1 0 1 1 1 0 1 1 0 1 1 1 1 1
	1 1 1 1 1 1 1 1 0 1 1 0 1 1 0
	0 0 1 1 1 1 1 1 1 1 1 1 1 0 0
	0 0 0 0 1 1 1 1 1 1 1 1 0 0 0
	0 0 0 1 1 1 0 0 1 1 0 0 0 0 0
	0 0 1 1 0 1 1 0 0 1 1 0 0 0 0
	0 1 1 0 1 1 1 1 1 0 1 1 1 1 0
	1 1 1 0 1 1 1 0 0 1 1 0 1 1 1
	1 0 1 1 1 1 0 0 0 1 0 1 1 1 1
	1 0 1 1 1 0 0 0 0 1 1 1 1 1 0
	1 1 1 1 0 0 0 0 0 1 1 1 1 0 0
	1 1 1 0 0 0 0 0 0 0 1 1 0 0 0
	0 1 0 0 0 0 0 0 0 0 1 0 0 0 0



	FIFIKFHkFHkFHsRHSPGGPKoPjOpkOHSNLTOrROFuouuou
	000000001100000000110010100000000101010100000000101010100000000101110101100000100110101010000010000101010001011100101010101000100111010101010100100010011010100000110011100100111100011000100100000111111100111111111111100111111	0 0 0 0 0 0 0 0 1 1 0 0 0 0 0
	0 0 0 1 1 0 0 1 0 1 0 0 0 0 0
	0 0 0 1 0 1 0 1 0 1 0 0 0 0 0
	0 0 0 1 0 1 0 1 0 1 0 0 0 0 0
	0 0 0 1 0 1 1 1 0 1 0 1 1 0 0
	0 0 0 1 0 0 1 1 0 1 0 1 0 1 0
	0 0 0 0 1 0 0 0 0 1 0 1 0 1 0
	0 0 1 0 1 1 1 0 0 1 0 1 0 1 0
	1 0 1 0 0 0 1 0 0 1 1 1 0 1 0
	1 0 1 0 1 0 1 0 0 1 0 0 0 1 0
	0 1 1 0 1 0 1 0 0 0 0 0 1 1 0
	0 1 1 1 0 0 1 0 0 1 1 1 1 0 0
	0 1 1 0 0 0 1 0 0 1 0 0 0 0 0
	1 1 1 1 1 1 1 0 0 1 1 1 1 1 1
	1 1 1 1 1 1 1 0 0 1 1 1 1 1 1


	*/